move,2
frames,3,0,;,3,0,;
6,92,35,78
49,92,39,78
97,92,42,78
skip
6,92,35,78
49,92,39,78
97,92,42,78
attack,1
frames,4,0,1,2,;
4,175,36,87
49,175,34,87
99,175,51,87
169,175,39,87
idle,1
frames,7,0,;
4,9,36,77
42,9,35,77
84,9,35,77
127,9,35,77
180,9,26,77
219,9,28,77
260,9,33,77
injure,2
frames,1,0,;,2,0,;
7,272,42,71
skip
58,272,38,71
109,272,37,71
jump_start,1
frames,1,0,;
222,202,28,60
jump_land,1
frames,1,0,;
222,202,28,60
jump_air,1
frames,1,0,;
273,181,28,81
jump_attack,1
frames,2,0,1,;
310,186,51,51
367,192,79,44
fall,1
frames,2,0,0,1,;
153,281,71,47
235,318,87,21
rise,1
frames,3,0,;
332,309,74,30
413,295,39,50
459,283,32,60
held,1
frames,1,0,;
153,281,71,47
grab,1
frames,1,0,;
5,346,35,78
grab_attack_head,1
frames,4,0,1,2,;
4,175,36,87
49,175,34,87
99,175,51,87
169,175,39,87
grab_attack_body,1
frames,2,0,1,;
180,9,26,77
219,9,28,77
throw,1
frames,1,0,0,;
273,181,28,81