move,2
frames,6,0,;,6,2,;
3,130,33,65
44,130,26,65
82,129,38,65
133,130,25,65
168,130,34,65
216,129,46,65
skip
2,223,41,55
58,225,40,53
112,233,63,46
185,226,44,53
248,226,43,53
314,233,61,46
attack,3
frames,3,0,1,;,3,0,1,;,9,0,1,2,3,4,5,6,7,8,;
11,476,62,51
86,466,55,61
168,464,53,57
skip
11,476,62,51
86,466,55,61
168,464,53,57
skip
13,572,24,41
46,564,41,46
100,577,76,34
194,566,64,44
274,570,80,41
46,564,41,46
100,577,76,34
194,566,64,44
274,570,80,41
idle,1
frames,4,0,;
130,44,30,70
166,44,30,70
203,44,30,70
239,44,30,70
injure,2
frames,1,0,;,1,0,;
476,126,41,64
skip
395,131,28,55
jump_start,1
frames,3,0,;
12,729,28,47
59,702,33,66
105,706,27,56
jump_air,1
frames,4,0,;
148,710,30,27
189,708,30,27
230,707,30,27
270,707,30,27
jump_land,1
frames,1,0,;
12,729,28,47
jump_attack,1
frames,2,0,1,;
543,705,34,60
590,705,64,42
run_attack,1
frames,2,0,1,;
9,312,39,60
67,302,56,49
run_attack_land,1
frames,2,0,;
148,710,30,27
9,312,39,60
fall,1
frames,2,0,;
526,123,59,55
607,176,70,18
rise,1
frames,2,0,;
689,164,62,27
759,152,26,44
grab,1
frames,2,0,;
11,627,30,66
112,629,39,64
grab_attack_body,1
frames,2,0,1,;
153,631,45,62
203,631,37,62
throw,1
frames,2,0,1,;
59,702,33,66
393,479,49,47
grab_attack_head,1
frames,2,0,1,;
298,627,47,66
350,627,37,66
held,1
frames,1,0,;
759,152,26,44